1000
  152   415
  460   464
  434   874
  874   895
  379   748
  407   437
  963   429
  145   543
  544   861
   64   878
    9   355
   57   383
  205   716
  472   184
  313    28
  426   128
  488   725
  432   940
  212   889
   39   530
  275    53
  781   723
  926   876
  958   754
  123   940
  884   116
  842   658
  621   755
  252   253
  158   395
  183   993
  134   663
  470   667
  421   313
  301   548
  139   413
  355   724
  957   648
  176   700
  817   434
  910   223
  171   157
  475     6
   33   145
  620   935
  241   294
  406   913
   98   629
  494   495
  671   652
  209   110
  824   596
  637   757
  595   424
  990   488
  296   339
  708   713
  498   654
  874    52
  113   606
  794   916
  876   678
  147   775
   35   974
  292   275
  899   384
  195   796
  555   594
  278   716
  203   829
  283   517
  629   513
  291   454
   67   459
  320   655
  720   652
  152   482
  451   383
  362   840
  997   238
  989   533
  708   849
  727   834
   80   797
  315   693
  586   997
  308   351
  877   376
  422   946
  588   671
   68   444
  755   648
  235   260
  530   387
  238   272
  316   537
  843   945
  502   420
  186   460
  186   144
  422   509
  371   764
  628    82
  419    12
  353   417
  625   590
  720   407
  838   598
  752   798
  238   753
  923   378
  332   139
  547   705
   85   973
  496   381
  695   622
  165   847
  371   877
  608    17
  597   128
   95   903
  772   340
  160   283
  885   202
   57   653
  290   970
  990   747
  768   215
  393   842
  630   239
  228   193
  201    37
  682   614
  724   716
   51   432
  869   938
  574   665
  187   806
  585   101
  363   448
  676    75
  946   444
   75   231
    5     3
  642   537
  516   958
  355   446
  821   647
  978   312
  244   926
  426   477
  360   412
  793   521
  529   944
  838   753
   94   692
  163   622
  835    91
  773   585
  239   729
  928    49
  539   982
  992   878
  983   673
  114    33
  935   206
  297   770
  738   979
  348   229
  315   645
  316   362
  784   105
  620   304
  584   417
  953   902
  946   950
  705   822
  752   477
  736   790
  570   727
  829   635
  839   256
  859    60
  367   668
  899   424
  923   329
  951   102
  646   781
  585   775
  621   613
  914   346
  121   654
  775   844
  558   348
  342   937
  579   405
  718   219
  954   993
  756   502
  202   561
  578   494
  719   552
  578   798
  268   146
   64   590
  246   816
  429   384
  993   773
  216    71
  553   793
  703    76
  495   159
  955   110
  451   972
  521   349
  904   943
  229   836
  235   175
   33   585
  397   518
  875   505
  408   216
  981   621
  398   519
  390   683
  861   535
  702   811
  695   625
  206   967
  686   270
  238    37
  805   754
  952   276
  945   250
  225   633
   38   187
  120   669
  806   865
  663   532
  516    16
  647   181
  975   235
  776   145
  106   991
  989   354
  632   866
  774   665
  869   493
  759   236
  391   932
  342   154
  275   646
  522   732
  404   853
  846   747
  607   220
  109   664
  978   184
  112    99
   74   356
   91   603
  796   117
  997   246
  379   566
   70   111
  312   945
  443   970
  424   531
  165   452
  511   547
  399   227
  418    23
  614   767
  978   522
   91   325
  885   950
  556   670
   46    98
  153   160
  620  1000
  561   280
  481   422
  261   987
  841   462
  516   728
  674   244
   86   651
  114   700
  517   320
   36   742
  660   322
  445   519
  147    48
  907   685
  275   786
  764   382
  132   806
  476   758
  311     9
  353   307
  861   668
  793   550
  694   741
  875   897
  757   359
  131   415
  880   823
  382   341
  430   203
  125   195
  418   473
  679   638
  596   986
  767   789
  454   401
  237   174
  651   796
  400    45
  515    94
  905   192
  260   862
   35   746
  771   423
  542   754
  272   837
  826   367
  503   145
  961    18
  299   609
  661   168
  413   135
  577    51
  154   580
  396   900
  442   609
  927   375
  717   202
  336   218
  736   624
  183   851
  613    73
  750   726
  513   245
  517   472
  526   824
  211   634
  745   343
  817    61
  614   513
  120   335
  471   820
  979    72
   59   256
  735   604
  756   468
  878   156
   65   651
   35    99
   73   378
  616   394
  257   289
  580   616
  821   548
   48   962
  875   805
    8   483
  877   120
  391   608
  780   283
  827   954
  394   647
  703   457
  664   407
  191   826
  846   708
  318   645
   41   842
   68   541
  854   699
  380    68
   53   230
  809   851
  520   492
   16   867
  939   175
  640   291
  926   263
  238   574
  566   161
  621   816
  314   630
  651     5
 1000    70
  543    70
  287   344
  559   313
  320   447
  565   619
  918   178
  513   565
  444   656
  658   289
  525   173
  566   519
  543   598
  858   528
  961   261
  651   598
  547   826
  290   630
  341   550
  565   491
  848   548
   51   352
  512   615
  248   994
  651   666
  710   424
  731   880
  620   519
  311   441
  944   230
   24   861
  441   883
  863   592
  912    97
  404   506
   52   879
  865   906
  356   893
  956   854
  767   525
  124   289
  175   580
  163   178
  228   508
  178   565
  117   223
   50   649
  346   194
  206   477
  541   908
  631   143
  918   393
   55   939
  838   327
  814   236
  595   588
  603   922
  930   834
  986   160
  562   641
  652   280
  157   407
  796   670
  690   134
  942   670
  269   370
  562   515
  681   525
  478   429
  500     9
  569   373
   88   826
  300   224
  737   333
  147   878
  586   873
  833   134
  866   225
  450    64
  756   706
  505   334
  477    55
  722   247
  863   119
  946   394
  266   832
  594   156
  769   418
  643   719
  842   946
  779   999
  255   865
  821   129
  986   361
  615   610
  254   420
  493   377
  216   504
  643   218
  292   811
  807   336
  636   151
  829   950
  379   770
  404   235
  304    76
  781   592
   14   702
   92   118
  824   644
  624   329
  698   766
  524   955
  883   249
  632   486
  478   828
  481   578
  511   186
  124    47
  586   244
  515   120
  888   640
  990    84
   43   234
  891   178
   81   517
  240   592
  837    29
  932   384
  904   388
  501   208
  719   696
  165   564
  766   902
  598   898
  282   789
   28   170
  988   281
  810   816
  562   946
  756   936
  983   424
  947   996
  939   821
  928   957
  181    64
  448   811
  412   593
  229   243
  405    62
  293   484
  783   497
  115   982
  466   155
  612   304
  718   274
  308   532
  320   834
  855   857
  935   483
  707   460
  653   254
  482   981
   33    29
  198   657
  873   838
  557   585
  908    52
  748   846
  518   363
  248   560
   53   374
   55   402
  376   454
  645   651
   23   320
  107   195
  397   236
  130   127
  778   758
  308   260
  237   819
  731   948
  319   170
  532   536
  802   428
  739   363
  785   121
  274   822
  929   681
  164   725
  765   475
   67   397
  423    70
  673   320
  362   425
  644   727
  885   273
  139   714
  730   279
  509   743
  612   243
  425   589
  566   617
  615   684
  345   126
  565   124
  766   695
  646   510
  785   982
  446   178
  534   451
  728   918
  686   883
  152    31
  905    23
  124   775
  831   763
  181   252
  986   145
  916   737
   19   841
  159   275
  973   608
  626   922
  199   843
  298   690
  266   526
  118   381
  418    21
  558   222
  138   229
  157   837
  864    56
  451   890
  311   244
  899    56
  140   511
  996    31
  720   257
  642    85
  971   582
  652   347
  674   823
  912   368
  319   675
  947   556
  839   591
  573   451
  186   751
  512   860
  395   111
  377   924
  230   211
  504   628
   97   912
  386   508
  635   541
  910   202
  138   753
  804   859
   81   266
   40   917
  861   103
  766   119
  105   595
  680   141
  872   279
  995   539
  119   154
  392   110
  845   415
  694   778
  402   580
  140   779
  909   442
  916    99
  242   230
  107   964
  464   923
  301   635
  313   769
  862   802
  762   934
  523   345
  690   631
  719   856
  448   292
  642   162
  917   813
  435   721
   48   101
   70   379
  520   913
  320   606
  292   741
  343   605
  646   844
  999   351
  719   801
  239   728
   60   423
  242   278
   37    97
  346   538
  422   247
  406   593
  847     5
  372   559
  822   410
  890   959
  661   762
  702   304
  581   960
  198   263
  433   900
  258   645
  832   813
  741   326
   98   283
  770   598
  987   491
  602   711
  214   304
  516   851
  961   514
  990   266
  134   902
  216   977
  529   594
  168   751
  229   107
  119   605
  186   773
  859   802
  681   790
  958   624
  144   143
  819   478
  504   848
  528   859
  459   287
  615    12
  948   405
  567   666
  927   429
  528     3
  519    58
  348   339
  582   940
  280   847
  831   374
  610   661
  175   431
  220   811
  834   210
  934   995
  834   205
  882   288
  963    51
   33    57
  289   454
  587   310
  611   909
   76   891
  761   277
   65   528
  704   439
  970   194
  582   518
  410   898
  544   187
   73   520
  138   431
  211   596
  742   116
  896   568
  485   880
  124   317
  396   863
  162   705
    6   716
  266   186
  711   476
  890   922
  840   840
  368   270
  678   429
  125   885
  325   457
  236   825
  883   347
  618   741
  327   343
  160   508
  911    78
  692   281
  889     6
  222   169
  601   955
  838   993
  578    41
  170   748
  376   509
  349   941
  425   215
  428   102
  284   102
  266   355
  953    40
   83   926
  240    36
  837   144
  206   903
  970   688
  210   239
  562   331
  398   999
  150   288
  633   815
  327   342
  289   726
  613   213
  966   607
  683   542
  905   327
  832   616
   11   135
  801   784
  522   497
  681   772
  966   995
  642   180
  642   979
  965   981
  862   934
  654   732
  794   346
  267   251
  476   460
  291   747
  506   126
  779    54
  755   497
  723   143
  960   187
  272   561
  897   876
  867   280
  273   355
  822   624
  931    56
  862   201
  974   958
  475   491
  548   879
  325   748
  233   875
  737   651
  806   999
  961    24
  252   606
  690   826
   94   703
   87   724
 1000   450
  354   605
  300   728
  275     2
  499   174
  721   539
  584   621
  229   223
  632   442
   70   548
  998   285
  382   623
   91   432
  372   484
   90   662
  843    35
  746   181
  960   415
  876   521
  793   524
  652   127
  336   948
  621   171
  262    86
  101   286
  749   181
  728    63
  390   344
  736   684
  969   147
  633   198
  579   521
  427   127
  386    19
  193   297
  316   170
  374   804
  613   173
  543   475
  374   431
  227   723
  995   377
  703   321
  261   319
  815   543
  118   962
   23   747
  516   370
  247    29
  116   957
  781   482
   40   800
  628   385
  515   576
  122   906
  344   358
  383   710
  211   397
  401    63
  911   753
  901    76
  199   622
  959   145
  168   906
  299   321
  483   544
  165    65
  857   778
  530   235
  870   290
  185   987
   24   989
  548   802
  617   332
  456   612
  512   897
  756   128
  303   698
  727   308
  229   181
  218   322
  458   457
  572   730
  163   932
  340   781
  404   974
  441   124
   18   329
  198   451
  419   156
  337   382
   60   442
  418   766
  954   164
  761   231
  685   896
  312   449
  118   931
  208   354
  362   418
  679   996
  950    65
  430   152
  402   415
  129   830
  962   942
  784    24
  439   674
   59   890
  813   942
  258   544
    5   893
  929   989
  955   179
   19   570
  354   553
  494   171
  459   391
  836   354
  772   545
  586   527
  309   873
  768   989
  565   909
  217   345
  836   924
  237    97
  210   282
  410   703
  988    69
   10   481
  959   788
  661   759
  876   515
  630   784
  852   517
  676   176
  861   111
  799    66
  547   397
  522    62
  994   627
  816   112
